404001
404002
404003
404004
404005
404006
404007
404008
404009
404010
404011
404012
404013
404014
404015
404016
404017
404018
404019
404020
404021
404022
404023
404024
404025
404026
404027
404028
404029
404030
404031
404032
404033
404034
404035
404036
404037
404038
404039
404040
404041
404042
404043
404044
404045
404046
404047
404048
404049
404050
404051
404052
404053
404054
404055
404056
404057
404058
404059
404060
404061
404062
404063
404064
404065
404066
404067
404068
404069
404070
404071
404072
404073
404074
404075
404076
404077
404078
404079
404080
404081
404082
404083
404084
404085
404086
404087
404088
404089
404090
404091
404092
404093
404094
404095
404096
404097
404098
404099
404100
404101
404102
404103
404104
404105
404106
404107
404108
404109
404110
404111
404112
404113
404114
404115
404116
404117
404118
404119
404120
404121
404122
404123
404124
404125
404126
404127
404128
404129
404130
404131
404132
404133
404134
404135
404136
404137
404138
404139
404140
404141
404142
404143
404144
404145
404146
404147
404148
404149
404150
404151
404152
404153
404154
404155
404156
404157
404158
404159
404160
404161
404162
404163
404164
404165
404166
404167
404168
404169
404170
404171
404172
404173
404174
404175
404176
404177
404178
404179
404180
404181
404182
404183
404184
404185
404186
404187
404188
404189
404190
404191
404192
404193
404194
404195
404196
404197
404198
404199
404200
