442001
442002
442003
442004
442005
442006
442007
442008
442009
442010
442011
442012
442013
442014
442015
442016
442017
442018
442019
442020
442021
442022
442023
442024
442025
442026
442027
442028
442029
442030
442031
442032
442033
442034
442035
442036
442037
442038
442039
442040
442041
442042
442043
442044
442045
442046
442047
442048
442049
442050
442051
442052
442053
442054
442055
442056
442057
442058
442059
442060
442061
442062
442063
442064
442065
442066
442067
442068
442069
442070
442071
442072
442073
442074
442075
442076
442077
442078
442079
442080
442081
442082
442083
442084
442085
442086
442087
442088
442089
442090
442091
442092
442093
442094
442095
442096
442097
442098
442099
442100
442101
442102
442103
442104
442105
442106
442107
442108
442109
442110
442111
442112
442113
442114
442115
442116
442117
442118
442119
442120
442121
442122
442123
442124
442125
442126
442127
442128
442129
442130
442131
442132
442133
442134
442135
442136
442137
442138
442139
442140
442141
442142
442143
442144
442145
442146
442147
442148
442149
442150
442151
442152
442153
442154
442155
442156
442157
442158
442159
442160
442161
442162
442163
442164
442165
442166
442167
442168
442169
442170
442171
442172
442173
442174
442175
442176
442177
442178
442179
442180
442181
442182
442183
442184
442185
442186
442187
442188
442189
442190
442191
442192
442193
442194
442195
442196
442197
442198
442199
442200
442201
442202
442203
442204
442205
442206
442207
442208
442209
442210
442211
442212
442213
442214
442215
442216
442217
442218
442219
442220
442221
442222
442223
442224
442225
442226
442227
442228
442229
442230
442231
442232
442233
442234
442235
442236
442237
442238
442239
442240
442241
442242
442243
442244
442245
442246
442247
442248
442249
442250
442251
442252
442253
442254
442255
442256
442257
442258
442259
442260
442261
442262
442263
442264
442265
442266
442267
442268
442269
442270
442271
442272
442273
442274
442275
442276
442277
442278
442279
442280
442281
442282
442283
442284
442285
442286
442287
442288
442289
442290
442291
442292
442293
442294
442295
442296
442297
442298
442299
442300
442301
442302
442303
442304
442305
442306
442307
442308
442309
442310
442311
442312
442313
442314
442315
442316
442317
442318
442319
442320
442321
442322
442323
442324
442325
442326
442327
442328
442329
442330
442331
442332
442333
442334
442335
442336
442337
442338
442339
442340
442341
442342
442343
442344
442345
442346
442347
442348
442349
442350
442351
442352
442353
442354
442355
442356
442357
442358
442359
442360
442361
442362
442363
442364
442365
442366
442367
442368
442369
442370
442371
442372
442373
442374
442375
442376
442377
442378
442379
442380
442381
442382
442383
442384
442385
442386
442387
442388
442389
442390
442391
442392
442393
442394
442395
442396
442397
442398
442399
442400
442401
442402
442403
442404
442405
442406
442407
442408
442409
442410
442411
442412
442413
442414
442415
442416
442417
442418
442419
442420
442421
442422
442423
442424
442425
442426
442427
442428
442429
442430
442431
442432
442433
442434
442435
442436
442437
442438
442439
442440
442441
442442
442443
442444
442445
442446
442447
442448
442449
442450
442451
442452
442453
442454
442455
442456
442457
442458
442459
442460
442461
442462
442463
442464
442465
442466
442467
442468
442469
442470
442471
442472
442473
442474
442475
442476
442477
442478
442479
442480
442481
442482
442483
442484
442485
442486
442487
442488
442489
442490
442491
442492
442493
442494
442495
442496
442497
442498
442499
442500
442501
442502
442503
442504
442505
442506
442507
442508
442509
442510
442511
442512
442513
442514
442515
442516
442517
442518
442519
442520
442521
442522
442523
442524
442525
442526
442527
442528
442529
442530
442531
442532
442533
442534
442535
442536
442537
442538
442539
442540
442541
442542
442543
442544
442545
442546
442547
442548
442549
442550
442551
442552
442553
442554
442555
442556
442557
442558
442559
442560
442561
442562
442563
442564
442565
442566
442567
442568
442569
442570
442571
442572
442573
442574
442575
442576
442577
442578
442579
442580
442581
442582
442583
442584
442585
442586
442587
442588
442589
442590
442591
442592
442593
442594
442595
442596
442597
442598
442599
442600
442601
442602
442603
442604
442605
442606
442607
442608
442609
442610
442611
442612
442613
442614
442615
442616
442617
442618
442619
442620
442621
442622
442623
442624
442625
442626
442627
442628
442629
442630
442631
442632
442633
442634
442635
442636
442637
442638
442639
442640
442641
442642
442643
442644
442645
442646
442647
442648
442649
442650
442651
442652
442653
442654
442655
442656
442657
442658
442659
442660
442661
442662
442663
442664
442665
442666
442667
442668
442669
442670
442671
442672
442673
442674
442675
442676
442677
442678
442679
442680
442681
442682
442683
442684
442685
442686
442687
442688
442689
442690
442691
442692
442693
442694
442695
442696
442697
442698
442699
442700
442701
442702
442703
442704
442705
442706
442707
442708
442709
442710
442711
442712
442713
442714
442715
442716
442717
442718
442719
442720
442721
442722
442723
442724
442725
442726
442727
442728
442729
442730
442731
442732
442733
442734
442735
442736
442737
442738
442739
442740
442741
442742
442743
442744
442745
442746
442747
442748
442749
442750
442751
442752
442753
442754
442755
442756
442757
442758
442759
442760
442761
442762
442763
442764
442765
442766
442767
442768
442769
442770
442771
442772
442773
442774
442775
442776
442777
442778
442779
442780
442781
442782
442783
442784
442785
442786
442787
442788
442789
442790
442791
442792
442793
442794
442795
442796
442797
442798
442799
442800
442801
442802
442803
442804
442805
442806
442807
442808
442809
442810
442811
442812
442813
442814
442815
442816
442817
442818
442819
442820
442821
442822
442823
442824
442825
442826
442827
442828
442829
442830
442831
442832
442833
442834
442835
442836
442837
442838
442839
442840
442841
442842
442843
442844
442845
442846
442847
442848
442849
442850
442851
442852
442853
442854
442855
442856
442857
442858
442859
442860
442861
442862
442863
442864
442865
442866
442867
442868
442869
442870
442871
442872
442873
442874
442875
442876
442877
442878
442879
442880
442881
442882
442883
442884
442885
442886
442887
442888
442889
442890
442891
442892
442893
442894
442895
442896
442897
442898
442899
442900
442901
442902
442903
442904
442905
442906
442907
442908
442909
442910
442911
442912
442913
442914
442915
442916
442917
442918
442919
442920
442921
442922
442923
442924
442925
442926
442927
442928
442929
442930
442931
442932
442933
442934
442935
442936
442937
442938
442939
442940
442941
442942
442943
442944
442945
442946
442947
442948
442949
442950
442951
442952
442953
442954
442955
442956
442957
442958
442959
442960
442961
442962
442963
442964
442965
442966
442967
442968
442969
442970
442971
442972
442973
442974
442975
442976
442977
442978
442979
442980
442981
442982
442983
442984
442985
442986
442987
442988
442989
442990
442991
442992
442993
442994
442995
442996
442997
442998
442999
443000
443001
443002
443003
443004
443005
443006
443007
443008
443009
443010
443011
443012
443013
443014
443015
443016
443017
443018
443019
443020
443021
443022
443023
443024
443025
443026
443027
443028
443029
443030
443031
443032
443033
443034
443035
443036
443037
443038
443039
443040
443041
443042
443043
443044
443045
443046
443047
443048
443049
443050
443051
443052
443053
443054
443055
443056
443057
443058
443059
443060
443061
443062
443063
443064
443065
443066
443067
443068
443069
443070
443071
443072
443073
443074
443075
443076
443077
443078
443079
443080
443081
443082
443083
443084
443085
443086
443087
443088
443089
443090
443091
443092
443093
443094
443095
443096
443097
443098
443099
443100
443101
443102
443103
443104
443105
443106
443107
443108
443109
443110
443111
443112
443113
443114
443115
443116
443117
443118
443119
443120
443121
443122
443123
443124
443125
443126
443127
443128
443129
443130
443131
443132
443133
443134
443135
443136
443137
443138
443139
443140
443141
443142
443143
443144
443145
443146
443147
443148
443149
443150
443151
443152
443153
443154
443155
443156
443157
443158
443159
443160
443161
443162
443163
443164
443165
443166
443167
443168
443169
443170
443171
443172
443173
443174
443175
443176
443177
443178
443179
443180
443181
443182
443183
443184
443185
443186
443187
443188
443189
443190
443191
443192
443193
443194
443195
443196
443197
443198
443199
443200
443201
443202
443203
443204
443205
443206
443207
443208
443209
443210
443211
443212
443213
443214
443215
443216
443217
443218
443219
443220
443221
443222
443223
443224
443225
443226
443227
443228
443229
443230
443231
443232
443233
443234
443235
443236
443237
443238
443239
443240
443241
443242
443243
443244
443245
443246
443247
443248
443249
443250
443251
443252
443253
443254
443255
443256
443257
443258
443259
443260
443261
443262
443263
443264
443265
443266
443267
443268
443269
443270
443271
443272
443273
443274
443275
443276
443277
443278
443279
443280
443281
443282
443283
443284
443285
443286
443287
443288
443289
443290
443291
443292
443293
443294
443295
443296
443297
443298
443299
443300
443301
443302
443303
443304
443305
443306
443307
443308
443309
443310
443311
443312
443313
443314
443315
443316
443317
443318
443319
443320
443321
443322
443323
443324
443325
443326
443327
443328
443329
443330
443331
443332
443333
443334
443335
443336
443337
443338
443339
443340
443341
443342
443343
443344
443345
443346
443347
443348
443349
443350
443351
443352
443353
443354
443355
443356
443357
443358
443359
443360
443361
443362
443363
443364
443365
443366
443367
443368
443369
443370
443371
443372
443373
443374
443375
443376
443377
443378
443379
443380
443381
443382
443383
443384
443385
443386
443387
443388
443389
443390
443391
443392
443393
443394
443395
443396
443397
443398
443399
443400
443401
443402
443403
443404
443405
443406
443407
443408
443409
443410
443411
443412
443413
443414
443415
443416
443417
443418
443419
443420
443421
443422
443423
443424
443425
443426
443427
443428
443429
443430
443431
443432
443433
443434
443435
443436
443437
443438
443439
443440
443441
443442
443443
443444
443445
443446
443447
443448
443449
443450
443451
443452
443453
443454
443455
443456
443457
443458
443459
443460
443461
443462
443463
443464
443465
443466
443467
443468
443469
443470
443471
443472
443473
443474
443475
443476
443477
443478
443479
443480
443481
443482
443483
443484
443485
443486
443487
443488
443489
443490
443491
443492
443493
443494
443495
443496
443497
443498
443499
443500
443501
443502
443503
443504
443505
443506
443507
443508
443509
443510
443511
443512
443513
443514
443515
443516
443517
443518
443519
443520
443521
443522
443523
443524
443525
443526
443527
443528
443529
443530
443531
443532
443533
443534
443535
443536
443537
443538
443539
443540
443541
443542
443543
443544
443545
443546
443547
443548
443549
443550
443551
443552
443553
443554
443555
443556
443557
443558
443559
443560
443561
443562
443563
443564
443565
443566
443567
443568
443569
443570
443571
443572
443573
443574
443575
443576
443577
443578
443579
443580
443581
443582
443583
443584
443585
443586
443587
443588
443589
443590
443591
443592
443593
443594
443595
443596
443597
443598
443599
443600
443601
443602
443603
443604
443605
443606
443607
443608
443609
443610
443611
443612
443613
443614
443615
443616
443617
443618
443619
443620
443621
443622
443623
443624
443625
443626
443627
443628
443629
443630
443631
443632
443633
443634
443635
443636
443637
443638
443639
443640
443641
443642
443643
443644
443645
443646
443647
443648
443649
443650
443651
443652
443653
443654
443655
443656
443657
443658
443659
443660
443661
443662
443663
443664
443665
443666
443667
443668
443669
443670
443671
443672
443673
443674
443675
443676
443677
443678
443679
443680
443681
443682
443683
443684
443685
443686
443687
443688
443689
443690
443691
443692
443693
443694
443695
443696
443697
443698
443699
443700
443701
443702
443703
443704
443705
443706
443707
443708
443709
443710
443711
443712
443713
443714
443715
443716
443717
443718
443719
443720
443721
443722
443723
443724
443725
443726
443727
443728
443729
443730
443731
443732
443733
443734
443735
443736
443737
443738
443739
443740
443741
443742
443743
443744
443745
443746
443747
443748
443749
443750
443751
443752
443753
443754
443755
443756
443757
443758
443759
443760
443761
443762
443763
443764
443765
443766
443767
443768
443769
443770
443771
443772
443773
443774
443775
443776
443777
443778
443779
443780
443781
443782
443783
443784
443785
443786
443787
443788
443789
443790
443791
443792
443793
443794
443795
443796
443797
443798
443799
443800
443801
443802
443803
443804
443805
443806
443807
443808
443809
443810
443811
443812
443813
443814
443815
443816
443817
443818
443819
443820
443821
443822
443823
443824
443825
443826
443827
443828
443829
443830
443831
443832
443833
443834
443835
443836
443837
443838
443839
443840
443841
443842
443843
443844
443845
443846
443847
443848
443849
443850
443851
443852
443853
443854
443855
443856
443857
443858
443859
443860
443861
443862
443863
443864
443865
443866
443867
443868
443869
443870
443871
443872
443873
443874
443875
443876
443877
443878
443879
443880
443881
443882
443883
443884
443885
443886
443887
443888
443889
443890
443891
443892
443893
443894
443895
443896
443897
443898
443899
443900
443901
443902
443903
443904
443905
443906
443907
443908
443909
443910
443911
443912
443913
443914
443915
443916
443917
443918
443919
443920
443921
443922
443923
443924
443925
443926
443927
443928
443929
443930
443931
443932
443933
443934
443935
443936
443937
443938
443939
443940
443941
443942
443943
443944
443945
443946
443947
443948
443949
443950
443951
443952
443953
443954
443955
443956
443957
443958
443959
443960
443961
443962
443963
443964
443965
443966
443967
443968
443969
443970
443971
443972
443973
443974
443975
443976
443977
443978
443979
443980
443981
443982
443983
443984
443985
443986
443987
443988
443989
443990
443991
443992
443993
443994
443995
443996
443997
443998
443999
444000
444001
444002
444003
444004
444005
444006
444007
444008
444009
444010
444011
444012
444013
444014
444015
444016
444017
444018
444019
444020
444021
444022
444023
444024
444025
444026
444027
444028
444029
444030
444031
444032
444033
444034
444035
444036
444037
444038
444039
444040
444041
444042
444043
444044
444045
444046
444047
444048
444049
444050
444051
444052
444053
444054
444055
444056
444057
444058
444059
444060
444061
444062
444063
444064
444065
444066
444067
444068
444069
444070
444071
444072
444073
444074
444075
444076
444077
444078
444079
444080
444081
444082
444083
444084
444085
444086
444087
444088
444089
444090
444091
444092
444093
444094
444095
444096
444097
444098
444099
444100
444101
444102
444103
444104
444105
444106
444107
444108
444109
444110
444111
444112
444113
444114
444115
444116
444117
444118
444119
444120
444121
444122
444123
444124
444125
444126
444127
444128
444129
444130
444131
444132
444133
444134
444135
444136
444137
444138
444139
444140
444141
444142
444143
444144
444145
444146
444147
444148
444149
444150
444151
444152
444153
444154
444155
444156
444157
444158
444159
444160
444161
444162
444163
444164
444165
444166
444167
444168
444169
444170
444171
444172
444173
444174
444175
444176
444177
444178
444179
444180
444181
444182
444183
444184
444185
444186
444187
444188
444189
444190
444191
444192
444193
444194
444195
444196
444197
444198
444199
444200
444201
444202
444203
444204
444205
444206
444207
444208
444209
444210
444211
444212
444213
444214
444215
444216
444217
444218
444219
444220
444221
444222
444223
444224
444225
444226
444227
444228
444229
444230
444231
444232
444233
444234
444235
444236
444237
444238
444239
444240
444241
444242
444243
444244
444245
444246
444247
444248
444249
444250
444251
444252
444253
444254
444255
444256
444257
444258
444259
444260
444261
444262
444263
444264
444265
444266
444267
444268
444269
444270
444271
444272
444273
444274
444275
444276
444277
444278
444279
444280
444281
444282
444283
444284
444285
444286
444287
444288
444289
444290
444291
444292
444293
444294
444295
444296
444297
444298
444299
444300
444301
444302
444303
444304
444305
444306
444307
444308
444309
444310
444311
444312
444313
444314
444315
444316
444317
444318
444319
444320
444321
444322
444323
444324
444325
444326
444327
444328
444329
444330
444331
444332
444333
444334
444335
444336
444337
444338
444339
444340
444341
444342
444343
444344
444345
444346
444347
444348
444349
444350
444351
444352
444353
444354
444355
444356
444357
444358
444359
444360
444361
444362
444363
444364
444365
444366
444367
444368
444369
444370
444371
444372
444373
444374
444375
444376
444377
444378
444379
444380
444381
444382
444383
444384
444385
444386
444387
444388
444389
444390
444391
444392
444393
444394
444395
444396
444397
444398
444399
444400
444401
444402
444403
444404
444405
444406
444407
444408
444409
444410
444411
444412
444413
444414
444415
444416
444417
444418
444419
444420
444421
444422
444423
444424
444425
444426
444427
444428
444429
444430
444431
444432
444433
444434
444435
444436
444437
444438
444439
444440
444441
444442
444443
444444
444445
444446
444447
444448
444449
444450
444451
444452
444453
444454
444455
444456
444457
444458
444459
444460
444461
444462
444463
444464
444465
444466
444467
444468
444469
444470
444471
444472
444473
444474
444475
444476
444477
444478
444479
444480
444481
444482
444483
444484
444485
444486
444487
444488
444489
444490
444491
444492
444493
444494
444495
444496
444497
444498
444499
444500
444501
444502
444503
444504
444505
444506
444507
444508
444509
444510
444511
444512
444513
444514
444515
444516
444517
444518
444519
444520
444521
444522
444523
444524
444525
444526
444527
444528
444529
444530
444531
444532
444533
444534
444535
444536
444537
444538
444539
444540
444541
444542
444543
444544
444545
444546
444547
444548
444549
444550
444551
444552
444553
444554
444555
444556
444557
444558
444559
444560
444561
444562
444563
444564
444565
444566
444567
444568
444569
444570
444571
444572
444573
444574
444575
444576
444577
444578
444579
444580
444581
444582
444583
444584
444585
444586
444587
444588
444589
444590
444591
444592
444593
444594
444595
444596
444597
444598
444599
444600
444601
444602
444603
444604
444605
444606
444607
444608
444609
444610
444611
444612
444613
444614
444615
444616
444617
444618
444619
444620
444621
444622
444623
444624
444625
444626
444627
444628
444629
444630
444631
444632
444633
444634
444635
444636
444637
444638
444639
444640
444641
444642
444643
444644
444645
444646
444647
444648
444649
444650
444651
444652
444653
444654
444655
444656
444657
444658
444659
444660
444661
444662
444663
444664
444665
444666
444667
444668
444669
444670
444671
444672
444673
444674
444675
444676
444677
444678
444679
444680
444681
444682
444683
444684
444685
444686
444687
444688
444689
444690
444691
444692
444693
444694
444695
444696
444697
444698
444699
444700
444701
444702
444703
444704
444705
444706
444707
444708
444709
444710
444711
444712
444713
444714
444715
444716
444717
444718
444719
444720
444721
444722
444723
444724
444725
444726
444727
444728
444729
444730
444731
444732
444733
444734
444735
444736
444737
444738
444739
444740
444741
444742
444743
444744
444745
444746
444747
444748
444749
444750
444751
444752
444753
444754
444755
444756
444757
444758
444759
444760
444761
444762
444763
444764
444765
444766
444767
444768
444769
444770
444771
444772
444773
444774
444775
444776
444777
444778
444779
444780
444781
444782
444783
444784
444785
444786
444787
444788
444789
444790
444791
444792
444793
444794
444795
444796
444797
444798
444799
444800
444801
444802
444803
444804
444805
444806
444807
444808
444809
444810
444811
444812
444813
444814
444815
444816
444817
444818
444819
444820
444821
444822
444823
444824
444825
444826
444827
444828
444829
444830
444831
444832
444833
444834
444835
444836
444837
444838
444839
444840
444841
444842
444843
444844
444845
444846
444847
444848
444849
444850
444851
444852
444853
444854
444855
444856
444857
444858
444859
444860
444861
444862
444863
444864
444865
444866
444867
444868
444869
444870
444871
444872
444873
444874
444875
444876
444877
444878
444879
444880
444881
444882
444883
444884
444885
444886
444887
444888
444889
444890
444891
444892
444893
444894
444895
444896
444897
444898
444899
444900
444901
444902
444903
444904
444905
444906
444907
444908
444909
444910
444911
444912
444913
444914
444915
444916
444917
444918
444919
444920
444921
444922
444923
444924
444925
444926
444927
444928
444929
444930
444931
444932
444933
444934
444935
444936
444937
444938
444939
444940
444941
444942
444943
444944
444945
444946
444947
444948
444949
444950
444951
444952
444953
444954
444955
444956
444957
444958
444959
444960
444961
444962
444963
444964
444965
444966
444967
444968
444969
444970
444971
444972
444973
444974
444975
444976
444977
444978
444979
444980
444981
444982
444983
444984
444985
444986
444987
444988
444989
444990
444991
444992
444993
444994
444995
444996
444997
444998
444999
445000
445001
445002
445003
445004
445005
445006
445007
445008
445009
445010
445011
445012
445013
445014
445015
445016
445017
445018
445019
445020
445021
445022
445023
445024
445025
445026
445027
445028
445029
445030
445031
445032
445033
445034
445035
445036
445037
445038
445039
445040
445041
445042
445043
445044
445045
445046
445047
445048
445049
445050
445051
445052
445053
445054
445055
445056
445057
445058
445059
445060
445061
445062
445063
445064
445065
445066
445067
445068
445069
445070
445071
445072
445073
445074
445075
445076
445077
445078
445079
445080
445081
445082
445083
445084
445085
445086
445087
445088
445089
445090
445091
445092
445093
445094
445095
445096
445097
445098
445099
445100
445101
445102
445103
445104
445105
445106
445107
445108
445109
445110
445111
445112
445113
445114
445115
445116
445117
445118
445119
445120
445121
445122
445123
445124
445125
445126
445127
445128
445129
445130
445131
445132
445133
445134
445135
445136
445137
445138
445139
445140
445141
445142
445143
445144
445145
445146
445147
445148
445149
445150
445151
445152
445153
445154
445155
445156
445157
445158
445159
445160
445161
445162
445163
445164
445165
445166
445167
445168
445169
445170
445171
445172
445173
445174
445175
445176
445177
445178
445179
445180
445181
445182
445183
445184
445185
445186
445187
445188
445189
445190
445191
445192
445193
445194
445195
445196
445197
445198
445199
445200
445201
445202
445203
445204
445205
445206
445207
445208
445209
445210
445211
445212
445213
445214
445215
445216
445217
445218
445219
445220
445221
445222
445223
445224
445225
445226
445227
445228
445229
445230
445231
445232
445233
445234
445235
445236
445237
445238
445239
445240
445241
445242
445243
445244
445245
445246
445247
445248
445249
445250
445251
445252
445253
445254
445255
445256
445257
445258
445259
445260
445261
445262
445263
445264
445265
445266
445267
445268
445269
445270
445271
445272
445273
445274
445275
445276
445277
445278
445279
445280
445281
445282
445283
445284
445285
445286
445287
445288
445289
445290
445291
445292
445293
445294
445295
445296
445297
445298
445299
445300
445301
445302
445303
445304
445305
445306
445307
445308
445309
445310
445311
445312
445313
445314
445315
445316
445317
445318
445319
445320
445321
445322
445323
445324
445325
445326
445327
445328
445329
445330
445331
445332
445333
445334
445335
445336
445337
445338
445339
445340
445341
445342
445343
445344
445345
445346
445347
445348
445349
445350
445351
445352
445353
445354
445355
445356
445357
445358
445359
445360
445361
445362
445363
445364
445365
445366
445367
445368
445369
445370
445371
445372
445373
445374
445375
445376
445377
445378
445379
445380
445381
445382
445383
445384
445385
445386
445387
445388
445389
445390
445391
445392
445393
445394
445395
445396
445397
445398
445399
445400
445401
445402
445403
445404
445405
445406
445407
445408
445409
445410
445411
445412
445413
445414
445415
445416
445417
445418
445419
445420
445421
445422
445423
445424
445425
445426
445427
445428
445429
445430
445431
445432
445433
445434
445435
445436
445437
445438
445439
445440
445441
445442
445443
445444
445445
445446
445447
445448
445449
445450
445451
445452
445453
445454
445455
445456
445457
445458
445459
445460
445461
445462
445463
445464
445465
445466
445467
445468
445469
445470
445471
445472
445473
445474
445475
445476
445477
445478
445479
445480
445481
445482
445483
445484
445485
445486
445487
445488
445489
445490
445491
445492
445493
445494
445495
445496
445497
445498
445499
445500
445501
445502
445503
445504
445505
445506
445507
445508
445509
445510
445511
445512
445513
445514
445515
445516
445517
445518
445519
445520
445521
445522
445523
445524
445525
445526
445527
445528
445529
445530
445531
445532
445533
445534
445535
445536
445537
445538
445539
445540
445541
445542
445543
445544
445545
445546
445547
445548
445549
445550
445551
445552
445553
445554
445555
445556
445557
445558
445559
445560
445561
445562
445563
445564
445565
445566
445567
445568
445569
445570
445571
445572
445573
445574
445575
445576
445577
445578
445579
445580
445581
445582
445583
445584
445585
445586
445587
445588
445589
445590
445591
445592
445593
445594
445595
445596
445597
445598
445599
445600
445601
445602
445603
445604
445605
445606
445607
445608
445609
445610
445611
445612
445613
445614
445615
445616
445617
445618
445619
445620
445621
445622
445623
445624
445625
445626
445627
445628
445629
445630
445631
445632
445633
445634
445635
445636
445637
445638
445639
445640
445641
445642
445643
445644
445645
445646
445647
445648
445649
445650
445651
445652
445653
445654
445655
445656
445657
445658
445659
445660
445661
445662
445663
445664
445665
445666
445667
445668
445669
445670
445671
445672
445673
445674
445675
445676
445677
445678
445679
445680
445681
445682
445683
445684
445685
445686
445687
445688
445689
445690
445691
445692
445693
445694
445695
445696
445697
445698
445699
445700
445701
445702
445703
445704
445705
445706
445707
445708
445709
445710
445711
445712
445713
445714
445715
445716
445717
445718
445719
445720
445721
445722
445723
445724
445725
445726
445727
445728
445729
445730
445731
445732
445733
445734
445735
445736
445737
445738
445739
445740
445741
445742
445743
445744
445745
445746
445747
445748
445749
445750
445751
445752
445753
445754
445755
445756
445757
445758
445759
445760
445761
445762
445763
445764
445765
445766
445767
445768
445769
445770
445771
445772
445773
445774
445775
445776
445777
445778
445779
445780
445781
445782
445783
445784
445785
445786
445787
445788
445789
445790
445791
445792
445793
445794
445795
445796
445797
445798
445799
445800
445801
445802
445803
445804
445805
445806
445807
445808
445809
445810
445811
445812
445813
445814
445815
445816
445817
445818
445819
445820
445821
445822
445823
445824
445825
445826
445827
445828
445829
445830
445831
445832
445833
445834
445835
445836
445837
445838
445839
445840
445841
445842
445843
445844
445845
445846
445847
445848
445849
445850
445851
445852
445853
445854
445855
445856
445857
445858
445859
445860
445861
445862
445863
445864
445865
445866
445867
445868
445869
445870
445871
445872
445873
445874
445875
445876
445877
445878
445879
445880
445881
445882
445883
445884
445885
445886
445887
445888
445889
445890
445891
445892
445893
445894
445895
445896
445897
445898
445899
445900
445901
445902
445903
445904
445905
445906
445907
445908
445909
445910
445911
445912
445913
445914
445915
445916
445917
445918
445919
445920
445921
445922
445923
445924
445925
445926
445927
445928
445929
445930
445931
445932
445933
445934
445935
445936
445937
445938
445939
445940
445941
445942
445943
445944
445945
445946
445947
445948
445949
445950
445951
445952
445953
445954
445955
445956
445957
445958
445959
445960
445961
445962
445963
445964
445965
445966
445967
445968
445969
445970
445971
445972
445973
445974
445975
445976
445977
445978
445979
445980
445981
445982
445983
445984
445985
445986
445987
445988
445989
445990
445991
445992
445993
445994
445995
445996
445997
445998
445999
446000
446001
446002
446003
446004
446005
446006
446007
446008
446009
446010
446011
446012
446013
446014
446015
446016
446017
446018
446019
446020
446021
446022
446023
446024
446025
446026
446027
446028
446029
446030
446031
446032
446033
446034
446035
446036
446037
446038
446039
446040
446041
446042
446043
446044
446045
446046
446047
446048
446049
446050
446051
446052
446053
446054
446055
446056
446057
446058
446059
446060
446061
446062
446063
446064
446065
446066
446067
446068
446069
446070
446071
446072
446073
446074
446075
446076
446077
446078
446079
446080
446081
446082
446083
446084
446085
446086
446087
446088
446089
446090
446091
446092
446093
446094
446095
446096
446097
446098
446099
446100
446101
446102
446103
446104
446105
446106
446107
446108
446109
446110
446111
446112
446113
446114
446115
446116
446117
446118
446119
446120
446121
446122
446123
446124
446125
446126
446127
446128
446129
446130
446131
446132
446133
446134
446135
446136
446137
446138
446139
446140
446141
446142
446143
446144
446145
446146
446147
446148
446149
446150
446151
446152
446153
446154
446155
446156
446157
446158
446159
446160
446161
446162
446163
446164
446165
446166
446167
446168
446169
446170
446171
446172
446173
446174
446175
446176
446177
446178
446179
446180
446181
446182
446183
446184
446185
446186
446187
446188
446189
446190
446191
446192
446193
446194
446195
446196
446197
446198
446199
446200
446201
446202
446203
446204
446205
446206
446207
446208
446209
446210
446211
446212
446213
446214
446215
446216
446217
446218
446219
446220
446221
446222
446223
446224
446225
446226
446227
446228
446229
446230
446231
446232
446233
446234
446235
446236
446237
446238
446239
446240
446241
446242
446243
446244
446245
446246
446247
446248
446249
446250
446251
446252
446253
446254
446255
446256
446257
446258
446259
446260
446261
446262
446263
446264
446265
446266
446267
446268
446269
446270
446271
446272
446273
446274
446275
446276
446277
446278
446279
446280
446281
446282
446283
446284
446285
446286
446287
446288
446289
446290
446291
446292
446293
446294
446295
446296
446297
446298
446299
446300
446301
446302
446303
446304
446305
446306
446307
446308
446309
446310
446311
446312
446313
446314
446315
446316
446317
446318
446319
446320
446321
446322
446323
446324
446325
446326
446327
446328
446329
446330
446331
446332
446333
446334
446335
446336
446337
446338
446339
446340
446341
446342
446343
446344
446345
446346
446347
446348
446349
446350
446351
446352
446353
446354
446355
446356
446357
446358
446359
446360
446361
446362
446363
446364
446365
446366
446367
446368
446369
446370
446371
446372
446373
446374
446375
446376
446377
446378
446379
446380
446381
446382
446383
446384
446385
446386
446387
446388
446389
446390
446391
446392
446393
446394
446395
446396
446397
446398
446399
446400
446401
446402
446403
446404
446405
446406
446407
446408
446409
446410
446411
446412
446413
446414
446415
446416
446417
446418
446419
446420
446421
446422
446423
446424
446425
446426
446427
446428
446429
446430
446431
446432
446433
446434
446435
446436
446437
446438
446439
446440
446441
446442
446443
446444
446445
446446
446447
446448
446449
446450
446451
446452
446453
446454
446455
446456
446457
446458
446459
446460
446461
446462
446463
446464
446465
446466
446467
446468
446469
446470
446471
446472
446473
446474
446475
446476
446477
446478
446479
446480
446481
446482
446483
446484
446485
446486
446487
446488
446489
446490
446491
446492
446493
446494
446495
446496
446497
446498
446499
446500
446501
446502
446503
446504
446505
446506
446507
446508
446509
446510
446511
446512
446513
446514
446515
446516
446517
446518
446519
446520
446521
446522
446523
446524
446525
446526
446527
446528
446529
446530
446531
446532
446533
446534
446535
446536
446537
446538
446539
446540
446541
446542
446543
446544
446545
446546
446547
446548
446549
446550
446551
446552
446553
446554
446555
446556
446557
446558
446559
446560
446561
446562
446563
446564
446565
446566
446567
446568
446569
446570
446571
446572
446573
446574
446575
446576
446577
446578
446579
446580
446581
446582
446583
446584
446585
446586
446587
446588
446589
446590
446591
446592
446593
446594
446595
446596
446597
446598
446599
446600
446601
446602
446603
446604
446605
446606
446607
446608
446609
446610
446611
446612
446613
446614
446615
446616
446617
446618
446619
446620
446621
446622
446623
446624
446625
446626
446627
446628
446629
446630
446631
446632
446633
446634
446635
446636
446637
446638
446639
446640
446641
446642
446643
446644
446645
446646
446647
446648
446649
446650
446651
446652
446653
446654
446655
446656
446657
446658
446659
446660
446661
446662
446663
446664
446665
446666
446667
446668
446669
446670
446671
446672
446673
446674
446675
446676
446677
446678
446679
446680
446681
446682
446683
446684
446685
446686
446687
446688
446689
446690
446691
446692
446693
446694
446695
446696
446697
446698
446699
446700
446701
446702
446703
446704
446705
446706
446707
446708
446709
446710
446711
446712
446713
446714
446715
446716
446717
446718
446719
446720
446721
446722
446723
446724
446725
446726
446727
446728
446729
446730
446731
446732
446733
446734
446735
446736
446737
446738
446739
446740
446741
446742
446743
446744
446745
446746
446747
446748
446749
446750
446751
446752
446753
446754
446755
446756
446757
446758
446759
446760
446761
446762
446763
446764
446765
446766
446767
446768
446769
446770
446771
446772
446773
446774
446775
446776
446777
446778
446779
446780
446781
446782
446783
446784
446785
446786
446787
446788
446789
446790
446791
446792
446793
446794
446795
446796
446797
446798
446799
446800
446801
446802
446803
446804
446805
446806
446807
446808
446809
446810
446811
446812
446813
446814
446815
446816
446817
446818
446819
446820
446821
446822
446823
446824
446825
446826
446827
446828
446829
446830
446831
446832
446833
446834
446835
446836
446837
446838
446839
446840
446841
446842
446843
446844
446845
446846
446847
446848
446849
446850
446851
446852
446853
446854
446855
446856
446857
446858
446859
446860
446861
446862
446863
446864
446865
446866
446867
446868
446869
446870
446871
446872
446873
446874
446875
446876
446877
446878
446879
446880
446881
446882
446883
446884
446885
446886
446887
446888
446889
446890
446891
446892
446893
446894
446895
446896
446897
446898
446899
446900
446901
446902
446903
446904
446905
446906
446907
446908
446909
446910
446911
446912
446913
446914
446915
446916
446917
446918
446919
446920
446921
446922
446923
446924
446925
446926
446927
446928
446929
446930
446931
446932
446933
446934
446935
446936
446937
446938
446939
446940
446941
446942
446943
446944
446945
446946
446947
446948
446949
446950
446951
446952
446953
446954
446955
446956
446957
446958
446959
446960
446961
446962
446963
446964
446965
446966
446967
446968
446969
446970
446971
446972
446973
446974
446975
446976
446977
446978
446979
446980
446981
446982
446983
446984
446985
446986
446987
446988
446989
446990
446991
446992
446993
446994
446995
446996
446997
446998
446999
447000
447001
447002
447003
447004
447005
447006
447007
447008
447009
447010
447011
447012
447013
447014
447015
447016
447017
447018
447019
447020
447021
447022
447023
447024
447025
447026
447027
447028
447029
447030
447031
447032
447033
447034
447035
447036
447037
447038
447039
447040
447041
447042
447043
447044
447045
447046
447047
447048
447049
447050
447051
447052
447053
447054
447055
447056
447057
447058
447059
447060
447061
447062
447063
447064
447065
447066
447067
447068
447069
447070
447071
447072
447073
447074
447075
447076
447077
447078
447079
447080
447081
447082
447083
447084
447085
447086
447087
447088
447089
447090
447091
447092
447093
447094
447095
447096
447097
447098
447099
447100
447101
447102
447103
447104
447105
447106
447107
447108
447109
447110
447111
447112
447113
447114
447115
447116
447117
447118
447119
447120
447121
447122
447123
447124
447125
447126
447127
447128
447129
447130
447131
447132
447133
447134
447135
447136
447137
447138
447139
447140
447141
447142
447143
447144
447145
447146
447147
447148
447149
447150
447151
447152
447153
447154
447155
447156
447157
447158
447159
447160
447161
447162
447163
447164
447165
447166
447167
447168
447169
447170
447171
447172
447173
447174
447175
447176
447177
447178
447179
447180
447181
447182
447183
447184
447185
447186
447187
447188
447189
447190
447191
447192
447193
447194
447195
447196
447197
447198
447199
447200
447201
447202
447203
447204
447205
447206
447207
447208
447209
447210
447211
447212
447213
447214
447215
447216
447217
447218
447219
447220
447221
447222
447223
447224
447225
447226
447227
447228
447229
447230
447231
447232
447233
447234
447235
447236
447237
447238
447239
447240
447241
447242
447243
447244
447245
447246
447247
447248
447249
447250
447251
447252
447253
447254
447255
447256
447257
447258
447259
447260
447261
447262
447263
447264
447265
447266
447267
447268
447269
447270
447271
447272
447273
447274
447275
447276
447277
447278
447279
447280
447281
447282
447283
447284
447285
447286
447287
447288
447289
447290
447291
447292
447293
447294
447295
447296
447297
447298
447299
447300
447301
447302
447303
447304
447305
447306
447307
447308
447309
447310
447311
447312
447313
447314
447315
447316
447317
447318
447319
447320
447321
447322
447323
447324
447325
447326
447327
447328
447329
447330
447331
447332
447333
447334
447335
447336
447337
447338
447339
447340
447341
447342
447343
447344
447345
447346
447347
447348
447349
447350
447351
447352
447353
447354
447355
447356
447357
447358
447359
447360
447361
447362
447363
447364
447365
447366
447367
447368
447369
447370
447371
447372
447373
447374
447375
447376
447377
447378
447379
447380
447381
447382
447383
447384
447385
447386
447387
447388
447389
447390
447391
447392
447393
447394
447395
447396
447397
447398
447399
447400
447401
447402
447403
447404
447405
447406
447407
447408
447409
447410
447411
447412
447413
447414
447415
447416
447417
447418
447419
447420
447421
447422
447423
447424
447425
447426
447427
447428
447429
447430
447431
447432
447433
447434
447435
447436
447437
447438
447439
447440
447441
447442
447443
447444
447445
447446
447447
447448
447449
447450
447451
447452
447453
447454
447455
447456
447457
447458
447459
447460
447461
447462
447463
447464
447465
447466
447467
447468
447469
447470
447471
447472
447473
447474
447475
447476
447477
447478
447479
447480
447481
447482
447483
447484
447485
447486
447487
447488
447489
447490
447491
447492
447493
447494
447495
447496
447497
447498
447499
447500
447501
447502
447503
447504
447505
447506
447507
447508
447509
447510
447511
447512
447513
447514
447515
447516
447517
447518
447519
447520
447521
447522
447523
447524
447525
447526
447527
447528
447529
447530
447531
447532
447533
447534
447535
447536
447537
447538
447539
447540
447541
447542
447543
447544
447545
447546
447547
447548
447549
447550
447551
447552
447553
447554
447555
447556
447557
447558
447559
447560
447561
447562
447563
447564
447565
447566
447567
447568
447569
447570
447571
447572
447573
447574
447575
447576
447577
447578
447579
447580
447581
447582
447583
447584
447585
447586
447587
447588
447589
447590
447591
447592
447593
447594
447595
447596
447597
447598
447599
447600
447601
447602
447603
447604
447605
447606
447607
447608
447609
447610
447611
447612
447613
447614
447615
447616
447617
447618
447619
447620
447621
447622
447623
447624
447625
447626
447627
447628
447629
447630
447631
447632
447633
447634
447635
447636
447637
447638
447639
447640
447641
447642
447643
447644
447645
447646
447647
447648
447649
447650
447651
447652
447653
447654
447655
447656
447657
447658
447659
447660
447661
447662
447663
447664
447665
447666
447667
447668
447669
447670
447671
447672
447673
447674
447675
447676
447677
447678
447679
447680
447681
447682
447683
447684
447685
447686
447687
447688
447689
447690
447691
447692
447693
447694
447695
447696
447697
447698
447699
447700
447701
447702
447703
447704
447705
447706
447707
447708
447709
447710
447711
447712
447713
447714
447715
447716
447717
447718
447719
447720
447721
447722
447723
447724
447725
447726
447727
447728
447729
447730
447731
447732
447733
447734
447735
447736
447737
447738
447739
447740
447741
447742
447743
447744
447745
447746
447747
447748
447749
447750
447751
447752
447753
447754
447755
447756
447757
447758
447759
447760
447761
447762
447763
447764
447765
447766
447767
447768
447769
447770
447771
447772
447773
447774
447775
447776
447777
447778
447779
447780
447781
447782
447783
447784
447785
447786
447787
447788
447789
447790
447791
447792
447793
447794
447795
447796
447797
447798
447799
447800
447801
447802
447803
447804
447805
447806
447807
447808
447809
447810
447811
447812
447813
447814
447815
447816
447817
447818
447819
447820
447821
447822
447823
447824
447825
447826
447827
447828
447829
447830
447831
447832
447833
447834
447835
447836
447837
447838
447839
447840
447841
447842
447843
447844
447845
447846
447847
447848
447849
447850
447851
447852
447853
447854
447855
447856
447857
447858
447859
447860
447861
447862
447863
447864
447865
447866
447867
447868
447869
447870
447871
447872
447873
447874
447875
447876
447877
447878
447879
447880
447881
447882
447883
447884
447885
447886
447887
447888
447889
447890
447891
447892
447893
447894
447895
447896
447897
447898
447899
447900
447901
447902
447903
447904
447905
447906
447907
447908
447909
447910
447911
447912
447913
447914
447915
447916
447917
447918
447919
447920
447921
447922
447923
447924
447925
447926
447927
447928
447929
447930
447931
447932
447933
447934
447935
447936
447937
447938
447939
447940
447941
447942
447943
447944
447945
447946
447947
447948
447949
447950
447951
447952
447953
447954
447955
447956
447957
447958
447959
447960
447961
447962
447963
447964
447965
447966
447967
447968
447969
447970
447971
447972
447973
447974
447975
447976
447977
447978
447979
447980
447981
447982
447983
447984
447985
447986
447987
447988
447989
447990
447991
447992
447993
447994
447995
447996
447997
447998
447999
448000
448001
448002
448003
448004
448005
448006
448007
448008
448009
448010
448011
448012
448013
448014
448015
448016
448017
448018
448019
448020
448021
448022
448023
448024
448025
448026
448027
448028
448029
448030
448031
448032
448033
448034
448035
448036
448037
448038
448039
448040
448041
448042
448043
448044
448045
448046
448047
448048
448049
448050
448051
448052
448053
448054
448055
448056
448057
448058
448059
448060
448061
448062
448063
448064
448065
448066
448067
448068
448069
448070
448071
448072
448073
448074
448075
448076
448077
448078
448079
448080
448081
448082
448083
448084
448085
448086
448087
448088
448089
448090
448091
448092
448093
448094
448095
448096
448097
448098
448099
448100
448101
448102
448103
448104
448105
448106
448107
448108
448109
448110
448111
448112
448113
448114
448115
448116
448117
448118
448119
448120
448121
448122
448123
448124
448125
448126
448127
448128
448129
448130
448131
448132
448133
448134
448135
448136
448137
448138
448139
448140
448141
448142
448143
448144
448145
448146
448147
448148
448149
448150
448151
448152
448153
448154
448155
448156
448157
448158
448159
448160
448161
448162
448163
448164
448165
448166
448167
448168
448169
448170
448171
448172
448173
448174
448175
448176
448177
448178
448179
448180
448181
448182
448183
448184
448185
448186
448187
448188
448189
448190
448191
448192
448193
448194
448195
448196
448197
448198
448199
448200
448201
448202
448203
448204
448205
448206
448207
448208
448209
448210
448211
448212
448213
448214
448215
448216
448217
448218
448219
448220
448221
448222
448223
448224
448225
448226
448227
448228
448229
448230
448231
448232
448233
448234
448235
448236
448237
448238
448239
448240
448241
448242
448243
448244
448245
448246
448247
448248
448249
448250
448251
448252
448253
448254
448255
448256
448257
448258
448259
448260
448261
448262
448263
448264
448265
448266
448267
448268
448269
448270
448271
448272
448273
448274
448275
448276
448277
448278
448279
448280
448281
448282
448283
448284
448285
448286
448287
448288
448289
448290
448291
448292
448293
448294
448295
448296
448297
448298
448299
448300
448301
448302
448303
448304
448305
448306
448307
448308
448309
448310
448311
448312
448313
448314
448315
448316
448317
448318
448319
448320
448321
448322
448323
448324
448325
448326
448327
448328
448329
448330
448331
448332
448333
448334
448335
448336
448337
448338
448339
448340
448341
448342
448343
448344
448345
448346
448347
448348
448349
448350
448351
448352
448353
448354
448355
448356
448357
448358
448359
448360
448361
448362
448363
448364
448365
448366
448367
448368
448369
448370
448371
448372
448373
448374
448375
448376
448377
448378
448379
448380
448381
448382
448383
448384
448385
448386
448387
448388
448389
448390
448391
448392
448393
448394
448395
448396
448397
448398
448399
448400
448401
448402
448403
448404
448405
448406
448407
448408
448409
448410
448411
448412
448413
448414
448415
448416
448417
448418
448419
448420
448421
448422
448423
448424
448425
448426
448427
448428
448429
448430
448431
448432
448433
448434
448435
448436
448437
448438
448439
448440
448441
448442
448443
448444
448445
448446
448447
448448
448449
448450
448451
448452
448453
448454
448455
448456
448457
448458
448459
448460
448461
448462
448463
448464
448465
448466
448467
448468
448469
448470
448471
448472
448473
448474
448475
448476
448477
448478
448479
448480
448481
448482
448483
448484
448485
448486
448487
448488
448489
448490
448491
448492
448493
448494
448495
448496
448497
448498
448499
448500
448501
448502
448503
448504
448505
448506
448507
448508
448509
448510
448511
448512
448513
448514
448515
448516
448517
448518
448519
448520
448521
448522
448523
448524
448525
448526
448527
448528
448529
448530
448531
448532
448533
448534
448535
448536
448537
448538
448539
448540
448541
448542
448543
448544
448545
448546
448547
448548
448549
448550
448551
448552
448553
448554
448555
448556
448557
448558
448559
448560
448561
448562
448563
448564
448565
448566
448567
448568
448569
448570
448571
448572
448573
448574
448575
448576
448577
448578
448579
448580
448581
448582
448583
448584
448585
448586
448587
448588
448589
448590
448591
448592
448593
448594
448595
448596
448597
448598
448599
448600
448601
448602
448603
448604
448605
448606
448607
448608
448609
448610
448611
448612
448613
448614
448615
448616
448617
448618
448619
448620
448621
448622
448623
448624
448625
448626
448627
448628
448629
448630
448631
448632
448633
448634
448635
448636
448637
448638
448639
448640
448641
448642
448643
448644
448645
448646
448647
448648
448649
448650
448651
448652
448653
448654
448655
448656
448657
448658
448659
448660
448661
448662
448663
448664
448665
448666
448667
448668
448669
448670
448671
448672
448673
448674
448675
448676
448677
448678
448679
448680
448681
448682
448683
448684
448685
448686
448687
448688
448689
448690
448691
448692
448693
448694
448695
448696
448697
448698
448699
448700
448701
448702
448703
448704
448705
448706
448707
448708
448709
448710
448711
448712
448713
448714
448715
448716
448717
448718
448719
448720
448721
448722
448723
448724
448725
448726
448727
448728
448729
448730
448731
448732
448733
448734
448735
448736
448737
448738
448739
448740
448741
448742
448743
448744
448745
448746
448747
448748
448749
448750
448751
448752
448753
448754
448755
448756
448757
448758
448759
448760
448761
448762
448763
448764
448765
448766
448767
448768
448769
448770
448771
448772
448773
448774
448775
448776
448777
448778
448779
448780
448781
448782
448783
448784
448785
448786
448787
448788
448789
448790
448791
448792
448793
448794
448795
448796
448797
448798
448799
448800
448801
448802
448803
448804
448805
448806
448807
448808
448809
448810
448811
448812
448813
448814
448815
448816
448817
448818
448819
448820
448821
448822
448823
448824
448825
448826
448827
448828
448829
448830
448831
448832
448833
448834
448835
448836
448837
448838
448839
448840
448841
448842
448843
448844
448845
448846
448847
448848
448849
448850
448851
448852
448853
448854
448855
448856
448857
448858
448859
448860
448861
448862
448863
448864
448865
448866
448867
448868
448869
448870
448871
448872
448873
448874
448875
448876
448877
448878
448879
448880
448881
448882
448883
448884
448885
448886
448887
448888
448889
448890
448891
448892
448893
448894
448895
448896
448897
448898
448899
448900
448901
448902
448903
448904
448905
448906
448907
448908
448909
448910
448911
448912
448913
448914
448915
448916
448917
448918
448919
448920
448921
448922
448923
448924
448925
448926
448927
448928
448929
448930
448931
448932
448933
448934
448935
448936
448937
448938
448939
448940
448941
448942
448943
448944
448945
448946
448947
448948
448949
448950
448951
448952
448953
448954
448955
448956
448957
448958
448959
448960
448961
448962
448963
448964
448965
448966
448967
448968
448969
448970
448971
448972
448973
448974
448975
448976
448977
448978
448979
448980
448981
448982
448983
448984
448985
448986
448987
448988
448989
448990
448991
448992
448993
448994
448995
448996
448997
448998
448999
449000
449001
449002
449003
449004
449005
449006
449007
449008
449009
449010
449011
449012
449013
449014
449015
449016
449017
449018
449019
449020
449021
449022
449023
449024
449025
449026
449027
449028
449029
449030
449031
449032
449033
449034
449035
449036
449037
449038
449039
449040
449041
449042
449043
449044
449045
449046
449047
449048
449049
449050
449051
449052
449053
449054
449055
449056
449057
449058
449059
449060
449061
449062
449063
449064
449065
449066
449067
449068
449069
449070
449071
449072
449073
449074
449075
449076
449077
449078
449079
449080
449081
449082
449083
449084
449085
449086
449087
449088
449089
449090
449091
449092
449093
449094
449095
449096
449097
449098
449099
449100
449101
449102
449103
449104
449105
449106
449107
449108
449109
449110
449111
449112
449113
449114
449115
449116
449117
449118
449119
449120
449121
449122
449123
449124
449125
449126
449127
449128
449129
449130
449131
449132
449133
449134
449135
449136
449137
449138
449139
449140
449141
449142
449143
449144
449145
449146
449147
449148
449149
449150
449151
449152
449153
449154
449155
449156
449157
449158
449159
449160
449161
449162
449163
449164
449165
449166
449167
449168
449169
449170
449171
449172
449173
449174
449175
449176
449177
449178
449179
449180
449181
449182
449183
449184
449185
449186
449187
449188
449189
449190
449191
449192
449193
449194
449195
449196
449197
449198
449199
449200
449201
449202
449203
449204
449205
449206
449207
449208
449209
449210
449211
449212
449213
449214
449215
449216
449217
449218
449219
449220
449221
449222
449223
449224
449225
449226
449227
449228
449229
449230
449231
449232
449233
449234
449235
449236
449237
449238
449239
449240
449241
449242
449243
449244
449245
449246
449247
449248
449249
449250
449251
449252
449253
449254
449255
449256
449257
449258
449259
449260
449261
449262
449263
449264
449265
449266
449267
449268
449269
449270
449271
449272
449273
449274
449275
449276
449277
449278
449279
449280
449281
449282
449283
449284
449285
449286
449287
449288
449289
449290
449291
449292
449293
449294
449295
449296
449297
449298
449299
449300
449301
449302
449303
449304
449305
449306
449307
449308
449309
449310
449311
449312
449313
449314
449315
449316
449317
449318
449319
449320
449321
449322
449323
449324
449325
449326
449327
449328
449329
449330
449331
449332
449333
449334
449335
449336
449337
449338
449339
449340
449341
449342
449343
449344
449345
449346
449347
449348
449349
449350
449351
449352
449353
449354
449355
449356
449357
449358
449359
449360
449361
449362
449363
449364
449365
449366
449367
449368
449369
449370
449371
449372
449373
449374
449375
449376
449377
449378
449379
449380
449381
449382
449383
449384
449385
449386
449387
449388
449389
449390
449391
449392
449393
449394
449395
449396
449397
449398
449399
449400
449401
449402
449403
449404
449405
449406
449407
449408
449409
449410
449411
449412
449413
449414
449415
449416
449417
449418
449419
449420
449421
449422
449423
449424
449425
449426
449427
449428
449429
449430
449431
449432
449433
449434
449435
449436
449437
449438
449439
449440
449441
449442
449443
449444
449445
449446
449447
449448
449449
449450
449451
449452
449453
449454
449455
449456
449457
449458
449459
449460
449461
449462
449463
449464
449465
449466
449467
449468
449469
449470
449471
449472
449473
449474
449475
449476
449477
449478
449479
449480
449481
449482
449483
449484
449485
449486
449487
449488
449489
449490
449491
449492
449493
449494
449495
449496
449497
449498
449499
449500
449501
449502
449503
449504
449505
449506
449507
449508
449509
449510
449511
449512
449513
449514
449515
449516
449517
449518
449519
449520
449521
449522
449523
449524
449525
449526
449527
449528
449529
449530
449531
449532
449533
449534
449535
449536
449537
449538
449539
449540
449541
449542
449543
449544
449545
449546
449547
449548
449549
449550
449551
449552
449553
449554
449555
449556
449557
449558
449559
449560
449561
449562
449563
449564
449565
449566
449567
449568
449569
449570
449571
449572
449573
449574
449575
449576
449577
449578
449579
449580
449581
449582
449583
449584
449585
449586
449587
449588
449589
449590
449591
449592
449593
449594
449595
449596
449597
449598
449599
449600
449601
449602
449603
449604
449605
449606
449607
449608
449609
449610
449611
449612
449613
449614
449615
449616
449617
449618
449619
449620
449621
449622
449623
449624
449625
449626
449627
449628
449629
449630
449631
449632
449633
449634
449635
449636
449637
449638
449639
449640
449641
449642
449643
449644
449645
449646
449647
449648
449649
449650
449651
449652
449653
449654
449655
449656
449657
449658
449659
449660
449661
449662
449663
449664
449665
449666
449667
449668
449669
449670
449671
449672
449673
449674
449675
449676
449677
449678
449679
449680
449681
449682
449683
449684
449685
449686
449687
449688
449689
449690
449691
449692
449693
449694
449695
449696
449697
449698
449699
449700
449701
449702
449703
449704
449705
449706
449707
449708
449709
449710
449711
449712
449713
449714
449715
449716
449717
449718
449719
449720
449721
449722
449723
449724
449725
449726
449727
449728
449729
449730
449731
449732
449733
449734
449735
449736
449737
449738
449739
449740
449741
449742
449743
449744
449745
449746
449747
449748
449749
449750
449751
449752
449753
449754
449755
449756
449757
449758
449759
449760
449761
449762
449763
449764
449765
449766
449767
449768
449769
449770
449771
449772
449773
449774
449775
449776
449777
449778
449779
449780
449781
449782
449783
449784
449785
449786
449787
449788
449789
449790
449791
449792
449793
449794
449795
449796
449797
449798
449799
449800
449801
449802
449803
449804
449805
449806
449807
449808
449809
449810
449811
449812
449813
449814
449815
449816
449817
449818
449819
449820
449821
449822
449823
449824
449825
449826
449827
449828
449829
449830
449831
449832
449833
449834
449835
449836
449837
449838
449839
449840
449841
449842
449843
449844
449845
449846
449847
449848
449849
449850
449851
449852
449853
449854
449855
449856
449857
449858
449859
449860
449861
449862
449863
449864
449865
449866
449867
449868
449869
449870
449871
449872
449873
449874
449875
449876
449877
449878
449879
449880
449881
449882
449883
449884
449885
449886
449887
449888
449889
449890
449891
449892
449893
449894
449895
449896
449897
449898
449899
449900
449901
449902
449903
449904
449905
449906
449907
449908
449909
449910
449911
449912
449913
449914
449915
449916
449917
449918
449919
449920
449921
449922
449923
449924
449925
449926
449927
449928
449929
449930
449931
449932
449933
449934
449935
449936
449937
449938
449939
449940
449941
449942
449943
449944
449945
449946
449947
449948
449949
449950
449951
449952
449953
449954
449955
449956
449957
449958
449959
449960
449961
449962
449963
449964
449965
449966
449967
449968
449969
449970
449971
449972
449973
449974
449975
449976
449977
449978
449979
449980
449981
449982
449983
449984
449985
449986
449987
449988
449989
449990
449991
449992
449993
449994
449995
449996
449997
449998
449999
450000
450001
450002
450003
450004
450005
450006
450007
450008
450009
450010
450011
450012
450013
450014
450015
450016
450017
450018
450019
450020
450021
450022
450023
450024
450025
450026
450027
450028
450029
450030
450031
450032
450033
450034
450035
450036
450037
450038
450039
450040
450041
450042
450043
450044
450045
450046
450047
450048
450049
450050
450051
450052
450053
450054
450055
450056
450057
450058
450059
450060
450061
450062
450063
450064
450065
450066
450067
450068
450069
450070
450071
450072
450073
450074
450075
450076
450077
450078
450079
450080
450081
450082
450083
450084
450085
450086
450087
450088
450089
450090
450091
450092
450093
450094
450095
450096
450097
450098
450099
450100
450101
450102
450103
450104
450105
450106
450107
450108
450109
450110
450111
450112
450113
450114
450115
450116
450117
450118
450119
450120
450121
450122
450123
450124
450125
450126
450127
450128
450129
450130
450131
450132
450133
450134
450135
450136
450137
450138
450139
450140
450141
450142
450143
450144
450145
450146
450147
450148
450149
450150
450151
450152
450153
450154
450155
450156
450157
450158
450159
450160
450161
450162
450163
450164
450165
450166
450167
450168
450169
450170
450171
450172
450173
450174
450175
450176
450177
450178
450179
450180
450181
450182
450183
450184
450185
450186
450187
450188
450189
450190
450191
450192
450193
450194
450195
450196
450197
450198
450199
450200
450201
450202
450203
450204
450205
450206
450207
450208
450209
450210
450211
450212
450213
450214
450215
450216
450217
450218
450219
450220
450221
450222
450223
450224
450225
450226
450227
450228
450229
450230
450231
450232
450233
450234
450235
450236
450237
450238
450239
450240
450241
450242
450243
450244
450245
450246
450247
450248
450249
450250
450251
450252
450253
450254
450255
450256
450257
450258
450259
450260
450261
450262
450263
450264
450265
450266
450267
450268
450269
450270
450271
450272
450273
450274
450275
450276
450277
450278
450279
450280
450281
450282
450283
450284
450285
450286
450287
450288
450289
450290
450291
450292
450293
450294
450295
450296
450297
450298
450299
450300
450301
450302
450303
450304
450305
450306
450307
450308
450309
450310
450311
450312
450313
450314
450315
450316
450317
450318
450319
450320
450321
450322
450323
450324
450325
450326
450327
450328
450329
450330
450331
450332
450333
450334
450335
450336
450337
450338
450339
450340
450341
450342
450343
450344
450345
450346
450347
450348
450349
450350
450351
450352
450353
450354
450355
450356
450357
450358
450359
450360
450361
450362
450363
450364
450365
450366
450367
450368
450369
450370
450371
450372
450373
450374
450375
450376
450377
450378
450379
450380
450381
450382
450383
450384
450385
450386
450387
450388
450389
450390
450391
450392
450393
450394
450395
450396
450397
450398
450399
450400
450401
450402
450403
450404
450405
450406
450407
450408
450409
450410
450411
450412
450413
450414
450415
450416
450417
450418
450419
450420
450421
450422
450423
450424
450425
450426
450427
450428
450429
450430
450431
450432
450433
450434
450435
450436
450437
450438
450439
450440
450441
450442
450443
450444
450445
450446
450447
450448
450449
450450
450451
450452
450453
450454
450455
450456
450457
450458
450459
450460
450461
450462
450463
450464
450465
450466
450467
450468
450469
450470
450471
450472
450473
450474
450475
450476
450477
450478
450479
450480
450481
450482
450483
450484
450485
450486
450487
450488
450489
450490
450491
450492
450493
450494
450495
450496
450497
450498
450499
450500
450501
450502
450503
450504
450505
450506
450507
450508
450509
450510
450511
450512
450513
450514
450515
450516
450517
450518
450519
450520
450521
450522
450523
450524
450525
450526
450527
450528
450529
450530
450531
450532
450533
450534
450535
450536
450537
450538
450539
450540
450541
450542
450543
450544
450545
450546
450547
450548
450549
450550
450551
450552
450553
450554
450555
450556
450557
450558
450559
450560
450561
450562
450563
450564
450565
450566
450567
450568
450569
450570
450571
450572
450573
450574
450575
450576
450577
450578
450579
450580
450581
450582
450583
450584
450585
450586
450587
450588
450589
450590
450591
450592
450593
450594
450595
450596
450597
450598
450599
450600
450601
450602
450603
450604
450605
450606
450607
450608
450609
450610
450611
450612
450613
450614
450615
450616
450617
450618
450619
450620
450621
450622
450623
450624
450625
450626
450627
450628
450629
450630
450631
450632
450633
450634
450635
450636
450637
450638
450639
450640
450641
450642
450643
450644
450645
450646
450647
450648
450649
450650
450651
450652
450653
450654
450655
450656
450657
450658
450659
450660
450661
450662
450663
450664
450665
450666
450667
450668
450669
450670
450671
450672
450673
450674
450675
450676
450677
450678
450679
450680
450681
450682
450683
450684
450685
450686
450687
450688
450689
450690
450691
450692
450693
450694
450695
450696
450697
450698
450699
450700
450701
450702
450703
450704
450705
450706
450707
450708
450709
450710
450711
450712
450713
450714
450715
450716
450717
450718
450719
450720
450721
450722
450723
450724
450725
450726
450727
450728
450729
450730
450731
450732
450733
450734
450735
450736
450737
450738
450739
450740
450741
450742
450743
450744
450745
450746
450747
450748
450749
450750
450751
450752
450753
450754
450755
450756
450757
450758
450759
450760
450761
450762
450763
450764
450765
450766
450767
450768
450769
450770
450771
450772
450773
450774
450775
450776
450777
450778
450779
450780
450781
450782
450783
450784
450785
450786
450787
450788
450789
450790
450791
450792
450793
450794
450795
450796
450797
450798
450799
450800
450801
450802
450803
450804
450805
450806
450807
450808
450809
450810
450811
450812
450813
450814
450815
450816
450817
450818
450819
450820
450821
450822
450823
450824
450825
450826
450827
450828
450829
450830
450831
450832
450833
450834
450835
450836
450837
450838
450839
450840
450841
450842
450843
450844
450845
450846
450847
450848
450849
450850
450851
450852
450853
450854
450855
450856
450857
450858
450859
450860
450861
450862
450863
450864
450865
450866
450867
450868
450869
450870
450871
450872
450873
450874
450875
450876
450877
450878
450879
450880
450881
450882
450883
450884
450885
450886
450887
450888
450889
450890
450891
450892
450893
450894
450895
450896
450897
450898
450899
450900
450901
450902
450903
450904
450905
450906
450907
450908
450909
450910
450911
450912
450913
450914
450915
450916
450917
450918
450919
450920
450921
450922
450923
450924
450925
450926
450927
450928
450929
450930
450931
450932
450933
450934
450935
450936
450937
450938
450939
450940
450941
450942
450943
450944
450945
450946
450947
450948
450949
450950
450951
450952
450953
450954
450955
450956
450957
450958
450959
450960
450961
450962
450963
450964
450965
450966
450967
450968
450969
450970
450971
450972
450973
450974
450975
450976
450977
450978
450979
450980
450981
450982
450983
450984
450985
450986
450987
450988
450989
450990
450991
450992
450993
450994
450995
450996
450997
450998
450999
451000
451001
451002
451003
451004
451005
451006
451007
451008
451009
451010
451011
451012
451013
451014
451015
451016
451017
451018
451019
451020
451021
451022
451023
451024
451025
451026
451027
451028
451029
451030
451031
451032
451033
451034
451035
451036
451037
451038
451039
451040
451041
451042
451043
451044
451045
451046
451047
451048
451049
451050
451051
451052
451053
451054
451055
451056
451057
451058
451059
451060
451061
451062
451063
451064
451065
451066
451067
451068
451069
451070
451071
451072
451073
451074
451075
451076
451077
451078
451079
451080
451081
451082
451083
451084
451085
451086
451087
451088
451089
451090
451091
451092
451093
451094
451095
451096
451097
451098
451099
451100
451101
451102
451103
451104
451105
451106
451107
451108
451109
451110
451111
451112
451113
451114
451115
451116
451117
451118
451119
451120
451121
451122
451123
451124
451125
451126
451127
451128
451129
451130
451131
451132
451133
451134
451135
451136
451137
451138
451139
451140
451141
451142
451143
451144
451145
451146
451147
451148
451149
451150
451151
451152
451153
451154
451155
451156
451157
451158
451159
451160
451161
451162
451163
451164
451165
451166
451167
451168
451169
451170
451171
451172
451173
451174
451175
451176
451177
451178
451179
451180
451181
451182
451183
451184
451185
451186
451187
451188
451189
451190
451191
451192
451193
451194
451195
451196
451197
451198
451199
451200
451201
451202
451203
451204
451205
451206
451207
451208
451209
451210
451211
451212
451213
451214
451215
451216
451217
451218
451219
451220
451221
451222
451223
451224
451225
451226
451227
451228
451229
451230
451231
451232
451233
451234
451235
451236
451237
451238
451239
451240
451241
451242
451243
451244
451245
451246
451247
451248
451249
451250
451251
451252
451253
451254
451255
451256
451257
451258
451259
451260
451261
451262
451263
451264
451265
451266
451267
451268
451269
451270
451271
451272
451273
451274
451275
451276
451277
451278
451279
451280
451281
451282
451283
451284
451285
451286
451287
451288
451289
451290
451291
451292
451293
451294
451295
451296
451297
451298
451299
451300
451301
451302
451303
451304
451305
451306
451307
451308
451309
451310
451311
451312
451313
451314
451315
451316
451317
451318
451319
451320
451321
451322
451323
451324
451325
451326
451327
451328
451329
451330
451331
451332
451333
451334
451335
451336
451337
451338
451339
451340
451341
451342
451343
451344
451345
451346
451347
451348
451349
451350
451351
451352
451353
451354
451355
451356
451357
451358
451359
451360
451361
451362
451363
451364
451365
451366
451367
451368
451369
451370
451371
451372
451373
451374
451375
451376
451377
451378
451379
451380
451381
451382
451383
451384
451385
451386
451387
451388
451389
451390
451391
451392
451393
451394
451395
451396
451397
451398
451399
451400
451401
451402
451403
451404
451405
451406
451407
451408
451409
451410
451411
451412
451413
451414
451415
451416
451417
451418
451419
451420
451421
451422
451423
451424
451425
451426
451427
451428
451429
451430
451431
451432
451433
451434
451435
451436
451437
451438
451439
451440
451441
451442
451443
451444
451445
451446
451447
451448
451449
451450
451451
451452
451453
451454
451455
451456
451457
451458
451459
451460
451461
451462
451463
451464
451465
451466
451467
451468
451469
451470
451471
451472
451473
451474
451475
451476
451477
451478
451479
451480
451481
451482
451483
451484
451485
451486
451487
451488
451489
451490
451491
451492
451493
451494
451495
451496
451497
451498
451499
451500
451501
451502
451503
451504
451505
451506
451507
451508
451509
451510
451511
451512
451513
451514
451515
451516
451517
451518
451519
451520
451521
451522
451523
451524
451525
451526
451527
451528
451529
451530
451531
451532
451533
451534
451535
451536
451537
451538
451539
451540
451541
451542
451543
451544
451545
451546
451547
451548
451549
451550
451551
451552
451553
451554
451555
451556
451557
451558
451559
451560
451561
451562
451563
451564
451565
451566
451567
451568
451569
451570
451571
451572
451573
451574
451575
451576
451577
451578
451579
451580
451581
451582
451583
451584
451585
451586
451587
451588
451589
451590
451591
451592
451593
451594
451595
451596
451597
451598
451599
451600
451601
451602
451603
451604
451605
451606
451607
451608
451609
451610
451611
451612
451613
451614
451615
451616
451617
451618
451619
451620
451621
451622
451623
451624
451625
451626
451627
451628
451629
451630
451631
451632
451633
451634
451635
451636
451637
451638
451639
451640
451641
451642
451643
451644
451645
451646
451647
451648
451649
451650
451651
451652
451653
451654
451655
451656
451657
451658
451659
451660
451661
451662
451663
451664
451665
451666
451667
451668
451669
451670
451671
451672
451673
451674
451675
451676
451677
451678
451679
451680
451681
451682
451683
451684
451685
451686
451687
451688
451689
451690
451691
451692
451693
451694
451695
451696
451697
451698
451699
451700
451701
451702
451703
451704
451705
451706
451707
451708
451709
451710
451711
451712
451713
451714
451715
451716
451717
451718
451719
451720
451721
451722
451723
451724
451725
451726
451727
451728
451729
451730
451731
451732
451733
451734
451735
451736
451737
451738
451739
451740
451741
451742
451743
451744
451745
451746
451747
451748
451749
451750
451751
451752
451753
451754
451755
451756
451757
451758
451759
451760
451761
451762
451763
451764
451765
451766
451767
451768
451769
451770
451771
451772
451773
451774
451775
451776
451777
451778
451779
451780
451781
451782
451783
451784
451785
451786
451787
451788
451789
451790
451791
451792
451793
451794
451795
451796
451797
451798
451799
451800
451801
451802
451803
451804
451805
451806
451807
451808
451809
451810
451811
451812
451813
451814
451815
451816
451817
451818
451819
451820
451821
451822
451823
451824
451825
451826
451827
451828
451829
451830
451831
451832
451833
451834
451835
451836
451837
451838
451839
451840
451841
451842
451843
451844
451845
451846
451847
451848
451849
451850
451851
451852
451853
451854
451855
451856
451857
451858
451859
451860
451861
451862
451863
451864
451865
451866
451867
451868
451869
451870
451871
451872
451873
451874
451875
451876
451877
451878
451879
451880
451881
451882
451883
451884
451885
451886
451887
451888
451889
451890
451891
451892
451893
451894
451895
451896
451897
451898
451899
451900
451901
451902
451903
451904
451905
451906
451907
451908
451909
451910
451911
451912
451913
451914
451915
451916
451917
451918
451919
451920
451921
451922
451923
451924
451925
451926
451927
451928
451929
451930
451931
451932
451933
451934
451935
451936
451937
451938
451939
451940
451941
451942
451943
451944
451945
451946
451947
451948
451949
451950
451951
451952
451953
451954
451955
451956
451957
451958
451959
451960
451961
451962
451963
451964
451965
451966
451967
451968
451969
451970
451971
451972
451973
451974
451975
451976
451977
451978
451979
451980
451981
451982
451983
451984
451985
451986
451987
451988
451989
451990
451991
451992
451993
451994
451995
451996
451997
451998
451999
452000
